100.00,81.14,81.56,82.25,82.65,74.09,72.04,76.29,75.36,71.51,70.78,70.60,73.21,69.19,68.81,70.73,74.12,74.45,75.09,74.38,71.56,64.89,71.00,74.71,70.27,75.29,71.19,75.16,77.41,71.69,75.72,73.86,72.68,76.59,66.82,75.19,71.79,76.71,75.19,75.40
81.14,100.00,80.69,80.80,81.53,69.70,70.08,72.92,69.91,69.30,72.46,68.62,68.25,72.09,67.00,72.01,69.28,73.32,72.43,75.48,70.05,65.38,65.87,70.39,65.56,71.42,70.49,69.83,69.68,64.32,72.51,72.71,71.38,71.82,68.40,76.63,71.00,73.55,72.67,72.72
81.56,80.69,100.00,79.03,81.50,74.84,75.44,81.49,76.26,72.53,72.40,70.46,74.75,73.45,69.09,73.74,75.47,75.33,75.33,77.11,75.71,66.61,71.27,76.34,74.57,76.80,73.41,76.23,73.31,72.87,76.01,73.48,74.54,74.23,70.19,77.52,74.52,77.75,76.41,77.77
82.25,80.80,79.03,100.00,77.66,74.07,79.32,77.40,74.24,75.79,76.64,75.00,78.67,76.98,72.74,74.77,76.36,80.17,79.62,78.30,74.75,71.41,68.86,78.30,72.27,70.22,77.30,74.19,73.23,74.24,75.15,75.74,70.39,77.94,69.65,77.26,76.53,75.95,76.47,75.68
82.65,81.53,81.50,77.66,100.00,73.03,73.14,73.63,69.88,71.96,67.25,70.42,66.46,69.30,67.22,66.91,71.72,68.69,68.52,73.71,70.15,63.99,65.64,70.21,71.62,73.48,69.93,72.54,71.33,70.60,68.51,72.22,71.53,70.76,64.90,74.56,71.28,74.40,73.16,75.76
74.09,69.70,74.84,74.07,73.03,100.00,83.84,85.56,78.40,79.13,68.07,76.80,75.61,72.91,69.89,72.05,73.69,75.12,70.47,72.81,75.20,73.10,79.30,79.78,74.67,77.33,76.42,78.14,76.80,75.05,74.55,77.45,73.75,73.22,67.74,76.94,73.87,76.07,78.03,78.03
72.04,70.08,75.44,79.32,73.14,83.84,100.00,84.04,77.15,78.85,69.40,75.18,72.37,74.51,67.84,73.20,73.78,74.36,72.45,74.96,77.19,68.96,71.96,74.99,75.77,74.55,77.51,75.26,69.45,75.36,74.72,74.36,73.69,72.70,64.19,76.07,70.30,73.26,73.34,75.13
76.29,72.92,81.49,77.40,73.63,85.56,84.04,100.00,80.88,77.04,70.87,77.81,76.70,77.89,70.16,75.93,76.48,76.24,76.41,79.15,77.51,72.72,76.31,75.58,74.57,75.06,75.28,75.28,73.47,70.47,77.17,80.31,75.93,75.48,69.63,81.94,74.72,79.44,78.18,81.29
75.36,69.91,76.26,74.24,69.88,78.40,77.15,80.88,100.00,76.49,76.16,78.07,75.64,76.19,75.91,78.29,76.56,78.19,74.48,76.20,75.15,69.93,74.94,73.72,76.11,73.56,77.02,75.27,77.22,73.86,76.88,74.93,70.50,71.30,70.96,78.76,73.65,75.98,74.77,75.64
71.51,69.30,72.53,75.79,71.96,79.13,78.85,77.04,76.49,100.00,68.28,73.01,68.33,68.96,72.83,70.71,69.77,72.31,70.40,72.41,70.50,67.15,74.26,75.66,72.11,69.83,73.72,71.62,70.12,67.72,69.86,71.66,66.69,69.49,62.15,70.71,77.89,74.75,74.95,70.36
70.78,72.46,72.40,76.64,67.25,68.07,69.40,70.87,76.16,68.28,100.00,80.35,77.58,81.35,84.39,75.84,76.22,77.86,75.11,75.99,71.43,67.90,66.82,75.96,73.07,74.53,76.75,76.69,77.25,75.30,71.57,72.18,72.34,73.34,74.57,80.89,70.90,72.41,73.12,76.31
70.60,68.62,70.46,75.00,70.42,76.80,75.18,77.81,78.07,73.01,80.35,100.00,78.71,83.03,84.10,75.07,75.31,75.84,73.83,73.05,74.12,70.96,70.05,74.00,69.92,78.31,76.07,75.46,75.53,72.79,73.31,74.81,74.03,72.43,71.30,79.72,73.17,75.69,72.45,76.00
73.21,68.25,74.75,78.67,66.46,75.61,72.37,76.70,75.64,68.33,77.58,78.71,100.00,79.00,79.13,74.49,76.28,79.04,77.79,74.13,74.37,71.69,73.02,78.91,70.14,71.37,71.72,73.47,72.85,74.56,76.61,72.22,69.06,73.47,73.99,79.78,73.78,74.29,75.51,78.36
69.19,72.09,73.45,76.98,69.30,72.91,74.51,77.89,76.19,68.96,81.35,83.03,79.00,100.00,82.62,78.88,76.74,78.67,78.26,76.97,74.87,73.42,70.44,75.63,71.30,76.07,76.72,75.83,72.42,75.42,76.84,78.08,72.95,70.56,72.42,81.66,72.03,79.91,79.40,76.12
68.81,67.00,69.09,72.74,67.22,69.89,67.84,70.16,75.91,72.83,84.39,84.10,79.13,82.62,100.00,75.84,74.96,77.98,73.23,71.35,72.26,69.92,67.79,76.23,70.77,74.95,73.77,74.44,76.63,71.27,73.78,70.50,68.21,68.89,70.25,81.19,76.72,75.38,74.86,74.79
70.73,72.01,73.74,74.77,66.91,72.05,73.20,75.93,78.29,70.71,75.84,75.07,74.49,78.88,75.84,100.00,77.57,81.61,81.34,85.60,78.28,71.55,69.58,73.49,74.70,74.93,73.73,78.09,77.13,74.04,73.74,74.31,69.96,71.69,69.80,76.37,74.55,75.63,78.29,74.76
74.12,69.28,75.47,76.36,71.72,73.69,73.78,76.48,76.56,69.77,76.22,75.31,76.28,76.74,74.96,77.57,100.00,83.70,80.96,86.17,71.66,73.86,66.11,74.32,72.10,71.85,76.64,77.91,75.69,76.28,76.10,76.59,73.45,69.44,75.45,79.07,74.65,80.62,79.52,79.42
74.45,73.32,75.33,80.17,68.69,75.12,74.36,76.24,78.19,72.31,77.86,75.84,79.04,78.67,77.98,81.61,83.70,100.00,85.68,82.02,79.09,76.16,72.68,81.08,75.39,77.39,76.52,79.23,78.40,76.81,76.15,76.15,71.04,71.77,74.66,76.70,72.63,75.90,75.10,78.05
75.09,72.43,75.33,79.62,68.52,70.47,72.45,76.41,74.48,70.40,75.11,73.83,77.79,78.26,73.23,81.34,80.96,85.68,100.00,83.39,73.87,70.00,70.86,76.19,72.99,74.00,75.48,79.22,76.75,73.98,78.00,77.00,70.40,71.37,72.40,74.25,72.14,75.88,75.01,76.67
74.38,75.48,77.11,78.30,73.71,72.81,74.96,79.15,76.20,72.41,75.99,73.05,74.13,76.97,71.35,85.60,86.17,82.02,83.39,100.00,74.00,73.46,67.70,74.33,73.12,73.99,76.64,78.59,75.50,74.67,76.73,76.17,71.10,71.51,71.19,80.32,73.88,79.42,81.25,78.24
71.56,70.05,75.71,74.75,70.15,75.20,77.19,77.51,75.15,70.50,71.43,74.12,74.37,74.87,72.26,78.28,71.66,79.09,73.87,74.00,100.00,80.91,77.12,79.27,82.25,75.16,76.72,75.06,72.20,75.62,72.61,76.19,70.76,71.88,71.19,76.28,70.95,78.82,72.71,82.35
64.89,65.38,66.61,71.41,63.99,73.10,68.96,72.72,69.93,67.15,67.90,70.96,71.69,73.42,69.92,71.55,73.86,76.16,70.00,73.46,80.91,100.00,77.02,77.51,75.22,69.27,72.68,69.91,71.82,66.46,69.53,68.66,69.28,63.99,72.09,74.24,71.12,74.19,73.94,76.59
71.00,65.87,71.27,68.86,65.64,79.30,71.96,76.31,74.94,74.26,66.82,70.05,73.02,70.44,67.79,69.58,66.11,72.68,70.86,67.70,77.12,77.02,100.00,80.88,77.97,74.08,72.11,72.33,73.52,67.95,76.39,75.90,70.90,71.21,71.51,71.55,69.13,72.88,71.00,74.26
74.71,70.39,76.34,78.30,70.21,79.78,74.99,75.58,73.72,75.66,75.96,74.00,78.91,75.63,76.23,73.49,74.32,81.08,76.19,74.33,79.27,77.51,80.88,100.00,80.46,80.05,79.38,77.63,77.28,75.28,76.97,76.28,76.44,73.46,74.14,77.26,74.92,77.21,76.93,80.00
70.27,65.56,74.57,72.27,71.62,74.67,75.77,74.57,76.11,72.11,73.07,69.92,70.14,71.30,70.77,74.70,72.10,75.39,72.99,73.12,82.25,75.22,77.97,80.46,100.00,74.47,74.85,75.02,76.14,76.70,73.36,74.52,72.20,69.59,69.73,70.21,70.95,74.24,69.56,75.46
75.29,71.42,76.80,70.22,73.48,77.33,74.55,75.06,73.56,69.83,74.53,78.31,71.37,76.07,74.95,74.93,71.85,77.39,74.00,73.99,75.16,69.27,74.08,80.05,74.47,100.00,77.42,85.90,79.42,80.06,73.69,74.13,72.79,67.26,69.47,76.22,69.91,74.55,76.27,77.44
71.19,70.49,73.41,77.30,69.93,76.42,77.51,75.28,77.02,73.72,76.75,76.07,71.72,76.72,73.77,73.73,76.64,76.52,75.48,76.64,76.72,72.68,72.11,79.38,74.85,77.42,100.00,82.95,79.07,82.51,73.77,73.91,74.06,68.16,68.27,76.83,75.55,72.33,75.65,76.74
75.16,69.83,76.23,74.19,72.54,78.14,75.26,75.28,75.27,71.62,76.69,75.46,73.47,75.83,74.44,78.09,77.91,79.23,79.22,78.59,75.06,69.91,72.33,77.63,75.02,85.90,82.95,100.00,81.74,83.92,79.01,76.41,76.39,69.13,70.83,76.24,72.62,77.29,77.73,76.97
77.41,69.68,73.31,73.23,71.33,76.80,69.45,73.47,77.22,70.12,77.25,75.53,72.85,72.42,76.63,77.13,75.69,78.40,76.75,75.50,72.20,71.82,73.52,77.28,76.14,79.42,79.07,81.74,100.00,79.99,75.80,71.26,73.89,68.30,72.78,72.93,71.92,76.49,76.08,76.17
71.69,64.32,72.87,74.24,70.60,75.05,75.36,70.47,73.86,67.72,75.30,72.79,74.56,75.42,71.27,74.04,76.28,76.81,73.98,74.67,75.62,66.46,67.95,75.28,76.70,80.06,82.51,83.92,79.99,100.00,72.97,74.86,69.45,70.44,71.52,71.17,73.68,74.27,74.20,75.10
75.72,72.51,76.01,75.15,68.51,74.55,74.72,77.17,76.88,69.86,71.57,73.31,76.61,76.84,73.78,73.74,76.10,76.15,78.00,76.73,72.61,69.53,76.39,76.97,73.36,73.69,73.77,79.01,75.80,72.97,100.00,82.75,75.48,77.69,77.26,74.39,70.33,76.70,72.45,72.82
73.86,72.71,73.48,75.74,72.22,77.45,74.36,80.31,74.93,71.66,72.18,74.81,72.22,78.08,70.50,74.31,76.59,76.15,77.00,76.17,76.19,68.66,75.90,76.28,74.52,74.13,73.91,76.41,71.26,74.86,82.75,100.00,80.84,77.44,77.63,74.99,70.68,77.88,75.29,75.38
72.68,71.38,74.54,70.39,71.53,73.75,73.69,75.93,70.50,66.69,72.34,74.03,69.06,72.95,68.21,69.96,73.45,71.04,70.40,71.10,70.76,69.28,70.90,76.44,72.20,72.79,74.06,76.39,73.89,69.45,75.48,80.84,100.00,76.09,75.27,77.48,71.66,78.43,76.75,73.64
76.59,71.82,74.23,77.94,70.76,73.22,72.70,75.48,71.30,69.49,73.34,72.43,73.47,70.56,68.89,71.69,69.44,71.77,71.37,71.51,71.88,63.99,71.21,73.46,69.59,67.26,68.16,69.13,68.30,70.44,77.69,77.44,76.09,100.00,77.01,74.14,68.24,70.52,72.81,70.45
66.82,68.40,70.19,69.65,64.90,67.74,64.19,69.63,70.96,62.15,74.57,71.30,73.99,72.42,70.25,69.80,75.45,74.66,72.40,71.19,71.19,72.09,71.51,74.14,69.73,69.47,68.27,70.83,72.78,71.52,77.26,77.63,75.27,77.01,100.00,73.66,65.54,74.00,72.35,73.44
75.19,76.63,77.52,77.26,74.56,76.94,76.07,81.94,78.76,70.71,80.89,79.72,79.78,81.66,81.19,76.37,79.07,76.70,74.25,80.32,76.28,74.24,71.55,77.26,70.21,76.22,76.83,76.24,72.93,71.17,74.39,74.99,77.48,74.14,73.66,100.00,80.80,84.97,85.40,85.20
71.79,71.00,74.52,76.53,71.28,73.87,70.30,74.72,73.65,77.89,70.90,73.17,73.78,72.03,76.72,74.55,74.65,72.63,72.14,73.88,70.95,71.12,69.13,74.92,70.95,69.91,75.55,72.62,71.92,73.68,70.33,70.68,71.66,68.24,65.54,80.80,100.00,78.50,80.17,79.04
76.71,73.55,77.75,75.95,74.40,76.07,73.26,79.44,75.98,74.75,72.41,75.69,74.29,79.91,75.38,75.63,80.62,75.90,75.88,79.42,78.82,74.19,72.88,77.21,74.24,74.55,72.33,77.29,76.49,74.27,76.70,77.88,78.43,70.52,74.00,84.97,78.50,100.00,85.48,83.09
75.19,72.67,76.41,76.47,73.16,78.03,73.34,78.18,74.77,74.95,73.12,72.45,75.51,79.40,74.86,78.29,79.52,75.10,75.01,81.25,72.71,73.94,71.00,76.93,69.56,76.27,75.65,77.73,76.08,74.20,72.45,75.29,76.75,72.81,72.35,85.40,80.17,85.48,100.00,82.23
75.40,72.72,77.77,75.68,75.76,78.03,75.13,81.29,75.64,70.36,76.31,76.00,78.36,76.12,74.79,74.76,79.42,78.05,76.67,78.24,82.35,76.59,74.26,80.00,75.46,77.44,76.74,76.97,76.17,75.10,72.82,75.38,73.64,70.45,73.44,85.20,79.04,83.09,82.23,100.00
