100.00,81.31,84.94,86.90,76.26,43.83,47.72,48.45,45.46,39.49,50.04,45.44,49.44,50.55,44.26,44.45,44.40,46.17,47.24,38.29,42.88,40.71,46.50,37.05,45.22,46.55,45.43,42.13,44.98,44.78,50.18,48.53,49.97,51.77,42.97,44.06,42.67,48.73,44.33,44.54,43.91,39.02,47.51,44.93,49.04
81.31,100.00,78.82,81.53,66.69,42.25,46.34,48.53,42.05,43.19,45.68,41.79,41.80,45.53,42.57,44.35,49.13,46.50,50.18,39.62,43.67,44.25,45.58,43.90,46.28,43.93,44.73,41.95,51.84,45.54,50.28,45.37,41.90,49.33,43.00,49.63,42.94,49.40,50.14,46.60,46.78,40.78,47.84,51.37,51.40
84.94,78.82,100.00,80.33,76.51,46.77,43.76,50.23,45.48,45.29,46.82,40.68,50.36,48.29,45.03,48.27,54.04,52.32,48.48,40.33,44.73,44.24,46.05,39.80,49.35,45.03,44.37,44.94,46.11,45.41,43.13,41.75,43.23,47.93,36.50,48.54,44.21,49.79,46.41,45.63,43.47,41.90,43.55,43.82,49.15
86.90,81.53,80.33,100.00,74.98,40.50,44.87,45.77,43.92,38.57,46.16,45.62,47.21,49.59,44.14,40.94,42.50,45.48,47.53,38.04,44.91,45.46,48.29,41.01,45.75,45.89,45.57,44.87,45.58,49.78,52.28,51.36,48.35,52.93,46.94,45.70,42.14,47.53,44.67,44.51,46.55,38.69,48.48,45.41,49.83
76.26,66.69,76.51,74.98,100.00,47.09,48.13,47.70,49.00,46.08,49.55,48.39,48.96,48.57,44.98,46.93,43.36,49.55,46.23,42.07,47.67,47.50,48.41,41.15,48.49,40.72,40.42,39.69,41.38,42.28,49.17,46.27,49.57,53.88,45.83,55.69,56.37,53.46,57.23,54.46,41.98,37.60,45.41,43.66,48.37
43.83,42.25,46.77,40.50,47.09,100.00,83.63,81.17,84.45,75.55,45.57,44.32,47.49,48.37,48.31,48.03,45.71,49.94,53.96,56.10,40.71,43.20,40.39,44.44,42.04,42.90,46.61,40.89,41.11,42.37,49.32,45.52,53.06,54.44,49.46,42.58,40.71,41.23,43.36,44.75,42.50,47.90,46.69,49.14,49.98
47.72,46.34,43.76,44.87,48.13,83.63,100.00,82.46,83.72,70.77,49.97,47.00,48.67,50.45,52.01,42.33,38.81,43.13,46.06,42.86,43.07,46.66,43.42,46.46,47.31,45.70,49.22,41.64,42.11,43.07,43.74,38.56,49.87,45.35,49.54,45.75,43.49,46.65,51.50,49.42,40.60,45.54,47.59,49.46,45.34
48.45,48.53,50.23,45.77,47.70,81.17,82.46,100.00,81.47,73.54,45.49,43.25,48.31,44.84,49.68,46.44,45.67,47.51,53.41,44.82,41.68,49.82,45.87,43.67,45.48,47.70,51.33,47.19,48.16,44.99,42.40,38.45,43.83,46.49,45.14,46.13,42.99,45.86,43.52,47.78,39.17,44.25,42.02,48.74,48.51
45.46,42.05,45.48,43.92,49.00,84.45,83.72,81.47,100.00,71.28,50.64,46.79,47.35,47.96,52.15,42.40,44.04,47.23,48.17,48.86,46.07,47.80,47.31,48.50,50.14,42.24,48.40,36.53,39.23,40.57,42.98,38.03,46.39,45.41,45.33,43.68,43.35,41.46,44.77,44.73,40.02,49.89,45.62,51.04,47.31
39.49,43.19,45.29,38.57,46.08,75.55,70.77,73.54,71.28,100.00,46.78,45.60,48.27,51.60,51.19,43.97,43.25,42.24,46.84,48.91,48.28,45.31,49.01,49.90,50.16,45.60,46.95,46.43,46.05,44.69,47.25,47.83,52.45,54.95,53.07,50.92,49.10,45.77,49.11,54.67,47.48,50.48,45.82,47.43,48.26
50.04,45.68,46.82,46.16,49.55,45.57,49.97,45.49,50.64,46.78,100.00,75.84,76.03,82.54,82.07,50.74,45.53,45.82,42.34,45.93,40.87,41.45,46.49,42.13,40.25,47.07,45.47,49.87,46.39,46.98,46.46,42.78,50.45,46.09,42.31,44.78,46.39,46.57,47.18,46.33,45.14,46.56,44.26,45.61,43.46
45.44,41.79,40.68,45.62,48.39,44.32,47.00,43.25,46.79,45.60,75.84,100.00,73.66,77.72,76.01,51.58,36.94,40.78,37.45,44.95,47.20,42.89,46.82,48.98,39.72,46.60,50.06,52.94,46.74,49.80,49.12,48.21,50.08,48.88,48.72,49.91,52.63,45.33,48.24,50.60,54.41,52.25,49.77,49.71,50.73
49.44,41.80,50.36,47.21,48.96,47.49,48.67,48.31,47.35,48.27,76.03,73.66,100.00,75.03,76.89,53.10,46.56,45.02,44.95,43.83,49.39,45.98,48.92,48.88,42.38,44.20,42.17,52.39,43.19,47.79,45.14,46.00,51.04,50.74,46.53,41.07,47.67,42.20,46.71,46.47,46.36,47.46,45.76,39.16,52.71
50.55,45.53,48.29,49.59,48.57,48.37,50.45,44.84,47.96,51.60,82.54,77.72,75.03,100.00,85.00,40.36,36.78,37.41,30.47,42.19,49.58,43.98,47.67,45.59,44.61,46.50,42.70,49.51,39.65,47.92,44.89,43.16,49.06,51.34,42.92,47.06,48.22,43.12,50.61,48.98,48.21,45.53,49.66,47.53,44.27
44.26,42.57,45.03,44.14,44.98,48.31,52.01,49.68,52.15,51.19,82.07,76.01,76.89,85.00,100.00,47.16,44.94,45.65,38.14,45.32,46.49,45.42,47.85,48.78,47.72,41.27,41.73,50.09,39.06,45.25,47.76,44.60,51.40,50.76,44.75,42.76,46.91,44.08,47.43,44.87,44.26,44.78,42.38,41.02,41.28
44.45,44.35,48.27,40.94,46.93,48.03,42.33,46.44,42.40,43.97,50.74,51.58,53.10,40.36,47.16,100.00,78.15,79.55,78.88,74.14,46.25,49.69,44.94,53.66,44.93,46.78,47.13,49.54,49.47,46.16,47.55,51.82,48.46,45.85,48.96,40.41,38.46,43.06,43.66,39.94,46.83,52.69,44.28,41.34,44.75
44.40,49.13,54.04,42.50,43.36,45.71,38.81,45.67,44.04,43.25,45.53,36.94,46.56,36.78,44.94,78.15,100.00,85.57,85.01,73.75,43.64,46.07,44.74,49.22,50.07,49.78,50.08,50.21,52.85,49.56,42.23,45.74,46.17,43.06,40.08,43.74,41.78,48.65,47.30,45.12,44.09,49.89,40.98,41.02,41.99
46.17,46.50,52.32,45.48,49.55,49.94,43.13,47.51,47.23,42.24,45.82,40.78,45.02,37.41,45.65,79.55,85.57,100.00,81.23,76.91,44.96,47.97,42.40,48.95,48.90,44.19,44.73,45.60,46.17,40.34,42.50,46.03,48.68,41.54,40.15,41.02,43.00,47.84,48.13,43.92,44.79,47.38,43.05,42.53,42.92
47.24,50.18,48.48,47.53,46.23,53.96,46.06,53.41,48.17,46.84,42.34,37.45,44.95,30.47,38.14,78.88,85.01,81.23,100.00,76.14,40.89,47.39,39.41,45.93,46.61,45.57,46.09,47.56,51.27,51.01,52.04,52.95,50.61,49.58,47.04,39.53,39.38,47.99,42.92,42.39,43.82,45.38,42.48,40.44,43.28
38.29,39.62,40.33,38.04,42.07,56.10,42.86,44.82,48.86,48.91,45.93,44.95,43.83,42.19,45.32,74.14,73.75,76.91,76.14,100.00,44.52,49.06,41.59,52.10,47.99,52.66,52.26,52.86,50.26,52.69,53.65,56.18,52.87,49.65,46.51,43.52,41.18,45.23,43.88,40.95,46.58,51.45,45.35,43.59,42.65
42.88,43.67,44.73,44.91,47.67,40.71,43.07,41.68,46.07,48.28,40.87,47.20,49.39,49.58,46.49,46.25,43.64,44.96,40.89,44.52,100.00,81.95,85.48,84.01,79.84,45.99,47.42,50.19,47.58,42.87,41.83,43.08,41.05,51.11,46.82,49.74,51.41,46.98,46.90,44.48,46.25,50.48,45.61,44.38,48.78
40.71,44.25,44.24,45.46,47.50,43.20,46.66,49.82,47.80,45.31,41.45,42.89,45.98,43.98,45.42,49.69,46.07,47.97,47.39,49.06,81.95,100.00,78.91,76.61,77.50,44.77,43.56,45.63,46.85,47.95,46.95,48.16,43.07,52.70,49.44,45.03,47.89,50.78,47.86,44.79,44.13,49.25,42.20,46.01,50.44
46.50,45.58,46.05,48.29,48.41,40.39,43.42,45.87,47.31,49.01,46.49,46.82,48.92,47.67,47.85,44.94,44.74,42.40,39.41,41.59,85.48,78.91,100.00,82.42,81.70,44.51,45.90,46.97,45.20,44.30,46.39,44.34,39.97,55.27,50.83,45.43,49.55,45.75,41.24,39.40,49.12,51.63,45.08,46.46,48.04
37.05,43.90,39.80,41.01,41.15,44.44,46.46,43.67,48.50,49.90,42.13,48.98,48.88,45.59,48.78,53.66,49.22,48.95,45.93,52.10,84.01,76.61,82.42,100.00,75.51,47.62,49.22,55.06,46.38,47.29,41.54,41.87,39.87,50.61,48.69,43.75,46.75,44.12,46.15,40.20,49.14,50.68,43.70,43.03,49.91
45.22,46.28,49.35,45.75,48.49,42.04,47.31,45.48,50.14,50.16,40.25,39.72,42.38,44.61,47.72,44.93,50.07,48.90,46.61,47.99,79.84,77.50,81.70,75.51,100.00,45.87,46.30,45.56,45.05,47.47,43.60,38.47,41.14,55.01,46.55,42.97,52.52,48.74,44.16,40.97,45.12,48.66,48.33,49.37,46.74
46.55,43.93,45.03,45.89,40.72,42.90,45.70,47.70,42.24,45.60,47.07,46.60,44.20,46.50,41.27,46.78,49.78,44.19,45.57,52.66,45.99,44.77,44.51,47.62,45.87,100.00,84.78,84.09,83.92,85.39,44.48,45.04,40.22,39.38,48.63,51.76,49.12,46.92,48.48,49.83,48.91,48.88,49.47,45.62,42.30
45.43,44.73,44.37,45.57,40.42,46.61,49.22,51.33,48.40,46.95,45.47,50.06,42.17,42.70,41.73,47.13,50.08,44.73,46.09,52.26,47.42,43.56,45.90,49.22,46.30,84.78,100.00,78.07,82.05,79.11,40.26,41.85,41.09,33.44,44.74,50.76,45.00,47.18,43.31,46.27,51.10,52.62,49.68,48.49,44.94
42.13,41.95,44.94,44.87,39.69,40.89,41.64,47.19,36.53,46.43,49.87,52.94,52.39,49.51,50.09,49.54,50.21,45.60,47.56,52.86,50.19,45.63,46.97,55.06,45.56,84.09,78.07,100.00,80.77,77.53,44.67,48.60,44.67,41.72,47.46,48.82,48.39,46.66,45.92,43.82,47.66,49.73,47.34,40.91,41.13
44.98,51.84,46.11,45.58,41.38,41.11,42.11,48.16,39.23,46.05,46.39,46.74,43.19,39.65,39.06,49.47,52.85,46.17,51.27,50.26,47.58,46.85,45.20,46.38,45.05,83.92,82.05,80.77,100.00,78.42,44.25,49.87,44.81,40.68,50.12,49.28,46.42,50.29,46.92,45.85,49.32,48.68,49.69,45.45,43.83
44.78,45.54,45.41,49.78,42.28,42.37,43.07,44.99,40.57,44.69,46.98,49.80,47.79,47.92,45.25,46.16,49.56,40.34,51.01,52.69,42.87,47.95,44.30,47.29,47.47,85.39,79.11,77.53,78.42,100.00,47.90,46.91,44.09,42.39,49.99,49.25,42.15,49.39,48.15,50.13,51.02,49.76,49.63,43.23,45.70
50.18,50.28,43.13,52.28,49.17,49.32,43.74,42.40,42.98,47.25,46.46,49.12,45.14,44.89,47.76,47.55,42.23,42.50,52.04,53.65,41.83,46.95,46.39,41.54,43.60,44.48,40.26,44.67,44.25,47.90,100.00,86.27,79.27,78.50,81.00,42.29,47.19,48.02,40.52,46.28,46.12,42.32,47.61,50.41,44.93
48.53,45.37,41.75,51.36,46.27,45.52,38.56,38.45,38.03,47.83,42.78,48.21,46.00,43.16,44.60,51.82,45.74,46.03,52.95,56.18,43.08,48.16,44.34,41.87,38.47,45.04,41.85,48.60,49.87,46.91,86.27,100.00,80.22,76.07,81.05,43.71,46.02,49.19,42.29,49.06,53.98,47.38,50.68,52.32,46.70
49.97,41.90,43.23,48.35,49.57,53.06,49.87,43.83,46.39,52.45,50.45,50.08,51.04,49.06,51.40,48.46,46.17,48.68,50.61,52.87,41.05,43.07,39.97,39.87,41.14,40.22,41.09,44.67,44.81,44.09,79.27,80.22,100.00,72.63,77.74,43.88,44.49,48.87,46.48,48.19,48.33,48.75,47.30,49.54,50.32
51.77,49.33,47.93,52.93,53.88,54.44,45.35,46.49,45.41,54.95,46.09,48.88,50.74,51.34,50.76,45.85,43.06,41.54,49.58,49.65,51.11,52.70,55.27,50.61,55.01,39.38,33.44,41.72,40.68,42.39,78.50,76.07,72.63,100.00,73.16,41.21,45.79,45.26,40.08,44.45,43.19,46.43,47.33,49.49,49.47
42.97,43.00,36.50,46.94,45.83,49.46,49.54,45.14,45.33,53.07,42.31,48.72,46.53,42.92,44.75,48.96,40.08,40.15,47.04,46.51,46.82,49.44,50.83,48.69,46.55,48.63,44.74,47.46,50.12,49.99,81.00,81.05,77.74,73.16,100.00,47.93,52.60,49.49,48.69,52.99,46.30,43.85,48.65,47.82,45.25
44.06,49.63,48.54,45.70,55.69,42.58,45.75,46.13,43.68,50.92,44.78,49.91,41.07,47.06,42.76,40.41,43.74,41.02,39.53,43.52,49.74,45.03,45.43,43.75,42.97,51.76,50.76,48.82,49.28,49.25,42.29,43.71,43.88,41.21,47.93,100.00,82.48,80.21,83.11,80.51,52.27,48.62,49.01,49.93,51.24
42.67,42.94,44.21,42.14,56.37,40.71,43.49,42.99,43.35,49.10,46.39,52.63,47.67,48.22,46.91,38.46,41.78,43.00,39.38,41.18,51.41,47.89,49.55,46.75,52.52,49.12,45.00,48.39,46.42,42.15,47.19,46.02,44.49,45.79,52.60,82.48,100.00,75.80,79.00,80.27,49.32,47.16,50.05,51.14,49.35
48.73,49.40,49.79,47.53,53.46,41.23,46.65,45.86,41.46,45.77,46.57,45.33,42.20,43.12,44.08,43.06,48.65,47.84,47.99,45.23,46.98,50.78,45.75,44.12,48.74,46.92,47.18,46.66,50.29,49.39,48.02,49.19,48.87,45.26,49.49,80.21,75.80,100.00,77.27,75.35,46.90,45.30,46.41,46.67,44.90
44.33,50.14,46.41,44.67,57.23,43.36,51.50,43.52,44.77,49.11,47.18,48.24,46.71,50.61,47.43,43.66,47.30,48.13,42.92,43.88,46.90,47.86,41.24,46.15,44.16,48.48,43.31,45.92,46.92,48.15,40.52,42.29,46.48,40.08,48.69,83.11,79.00,77.27,100.00,84.04,46.85,40.07,42.65,44.65,48.48
44.54,46.60,45.63,44.51,54.46,44.75,49.42,47.78,44.73,54.67,46.33,50.60,46.47,48.98,44.87,39.94,45.12,43.92,42.39,40.95,44.48,44.79,39.40,40.20,40.97,49.83,46.27,43.82,45.85,50.13,46.28,49.06,48.19,44.45,52.99,80.51,80.27,75.35,84.04,100.00,48.00,45.37,45.73,49.29,52.34
43.91,46.78,43.47,46.55,41.98,42.50,40.60,39.17,40.02,47.48,45.14,54.41,46.36,48.21,44.26,46.83,44.09,44.79,43.82,46.58,46.25,44.13,49.12,49.14,45.12,48.91,51.10,47.66,49.32,51.02,46.12,53.98,48.33,43.19,46.30,52.27,49.32,46.90,46.85,48.00,100.00,82.28,84.32,81.56,78.64
39.02,40.78,41.90,38.69,37.60,47.90,45.54,44.25,49.89,50.48,46.56,52.25,47.46,45.53,44.78,52.69,49.89,47.38,45.38,51.45,50.48,49.25,51.63,50.68,48.66,48.88,52.62,49.73,48.68,49.76,42.32,47.38,48.75,46.43,43.85,48.62,47.16,45.30,40.07,45.37,82.28,100.00,78.77,76.82,76.74
47.51,47.84,43.55,48.48,45.41,46.69,47.59,42.02,45.62,45.82,44.26,49.77,45.76,49.66,42.38,44.28,40.98,43.05,42.48,45.35,45.61,42.20,45.08,43.70,48.33,49.47,49.68,47.34,49.69,49.63,47.61,50.68,47.30,47.33,48.65,49.01,50.05,46.41,42.65,45.73,84.32,78.77,100.00,82.07,70.76
44.93,51.37,43.82,45.41,43.66,49.14,49.46,48.74,51.04,47.43,45.61,49.71,39.16,47.53,41.02,41.34,41.02,42.53,40.44,43.59,44.38,46.01,46.46,43.03,49.37,45.62,48.49,40.91,45.45,43.23,50.41,52.32,49.54,49.49,47.82,49.93,51.14,46.67,44.65,49.29,81.56,76.82,82.07,100.00,72.27
49.04,51.40,49.15,49.83,48.37,49.98,45.34,48.51,47.31,48.26,43.46,50.73,52.71,44.27,41.28,44.75,41.99,42.92,43.28,42.65,48.78,50.44,48.04,49.91,46.74,42.30,44.94,41.13,43.83,45.70,44.93,46.70,50.32,49.47,45.25,51.24,49.35,44.90,48.48,52.34,78.64,76.74,70.76,72.27,100.00
